# This file may be used to create an environment using:
# $ conda create --name <env> --file <this file>
# platform: win-64
anyio=3.7.1=pyhd8ed1ab_0
asgiref=3.5.2=py310haa95532_0
astroid=2.15.6=py310h5588dad_0
atomicwrites=1.4.0=py_0
attrs=22.1.0=py310haa95532_0
autopep8=2.0.2=pyhd8ed1ab_0
bzip2=1.0.8=he774522_0
ca-certificates=2023.01.10=haa95532_0
click=8.1.7=win_pyh7428d3b_0
colorama=0.4.6=pyhd8ed1ab_0
dill=0.3.6=pyhd8ed1ab_1
django=4.1=py310haa95532_0
exceptiongroup=1.1.3=pyhd8ed1ab_0
fastapi=0.103.1=pyhd8ed1ab_0
h11=0.14.0=pyhd8ed1ab_0
httptools=0.6.0=py310h8d17308_0
idna=3.4=pyhd8ed1ab_0
iniconfig=1.1.1=pyhd3eb1b0_0
isort=5.12.0=pyhd8ed1ab_1
lazy-object-proxy=1.6.0=py310h2bbff1b_0
libffi=3.4.4=hd77b12b_0
mccabe=0.7.0=pyhd8ed1ab_0
openssl=3.1.2=hcfcfb64_0
packaging=22.0=py310haa95532_0
pip=23.1.2=py310haa95532_0
platformdirs=3.9.1=pyhd8ed1ab_0
pluggy=1.0.0=py310haa95532_1
py=1.11.0=pyhd3eb1b0_0
pycodestyle=2.10.0=pyhd8ed1ab_0
pydantic=1.10.8=py310h2bbff1b_0
pylint=2.17.4=pyhd8ed1ab_0
pytest=7.1.2=py310haa95532_0
python=3.10.12=he1021f5_0
python-dotenv=1.0.0=pyhd8ed1ab_1
python-tzdata=2021.1=pyhd3eb1b0_0
python_abi=3.10=2_cp310
pyyaml=6.0.1=py310h8d17308_0
setuptools=67.8.0=py310haa95532_0
sniffio=1.3.0=pyhd8ed1ab_0
sqlite=3.41.2=h2bbff1b_0
sqlparse=0.4.3=py310haa95532_0
starlette=0.27.0=pyhd8ed1ab_0
tk=8.6.12=h2bbff1b_0
tomli=2.0.1=pyhd8ed1ab_0
tomlkit=0.11.8=pyha770c72_0
typing-extensions=4.7.1=hd8ed1ab_0
typing_extensions=4.7.1=pyha770c72_0
tzdata=2023c=h04d1e81_0
ucrt=10.0.22621.0=h57928b3_0
uvicorn=0.23.2=py310h5588dad_0
uvicorn-standard=0.23.2=h5588dad_0
vc=14.2=h21ff451_1
vc14_runtime=14.36.32532=hfdfe4a8_17
vs2015_runtime=14.36.32532=h05e6639_17
watchfiles=0.20.0=py310h87d50f1_0
websockets=11.0.3=py310h8d17308_0
wheel=0.38.4=py310haa95532_0
wrapt=1.14.1=py310h2bbff1b_0
xz=5.4.2=h8cc25b3_0
yaml=0.2.5=h8ffe710_2
zlib=1.2.13=h8cc25b3_0
